ISMA
19 
92 
20 
46 
99 
14 
99 
4 
50000 
4840 
104 
61 
206 
43 
0 
40 
0 
1 
0 
48 
0 
49 
0 
0 
0 
0 
0 
52 
53 
0 
0 
0 
0 
0 
55 
0 
0 
1 
1 
0 
0 
0 
0 
1 
1 
1 
0 
0 
0 
5 
0 
0 
0 
0 
779 
0 
0 
0 
0 
1 
1 
1 
1 
4 
1 
0 
0 
0 
0 
0 
0 
0 
3 
0 
4 
0 
-1 
0 
0 
0 
0 
1 
1 
1 
1 
0 
2 
0 
0 
0 
0 
1 
0 
1 
0 
0 
1 
1 
0 
4 
0 
1 
0 
0 
0 
0 
24 
0 
0 
0 
1 
0 
0 
0 
0 
0 
0 
0 
0 
1 
10 
0 
0 
0 
0 
1 
0 
0 
0 
0 
0 
1 
2 
0 
1 
1 
1 
1 
1 
1 
0 
1 
1 
1 
1 
0 
0 
0 
0 
0 
0 
0 
0 
0 
0 
0 
0 
0 
0 
0 
0 
0 
0 
0 
0 
0 
0 
0 
0 
0 
0 
0 
0 
0 
0 
0 
0 
0 
0 
0 
0 
0 
0 
0 
0 
0 
0 
0 
0 
0 
0 
0 
0 
0 
0 
0 
0 
0 
0 
0 
0 
0 
0 
0 
0 
0 
0 
0 
0 
0 
0 
0 
0 
0 
0 
0 
0 
0 
0 
0 
0 
0 
0 
0 
0 
0 
0 
0 
0 
205 
104 
21 
17 
19 
41 
0 
0 
0 
0 
0 
0 
0 
0 
0 
0 
0 
0 
0 
0 
0 
1 
0 
1 
0 
1 
0 
0 
0 
0 
0 
0 
0 
0 
0 
0 
0 
0 
0 
0 
0 
0 
0 
0 
0 
0 
0 
0 
0 
0 
0 
1 
1 
5 
1 
1 
1 
0 
0 
0 
1 
0 
0 
0 
0 
0 
0 
0 
0 
0 
1 
0 
0 
0 
0 
2 
0 
0 
0 
0 
0 
0 
0 
0 
0 
0 
0 
0 
0 
0 
1 
1 
0 
0 
0 
0 
0 
0 
0 
0 
14 
3 
13 
47 
44 
60 
45 
24 
25 
0 
0 
0 
0 
0 
0 
0 
0 
0 
0 
0 
0 
0 
0 
0 
0 
0 
0 
0 
0 
0 
0 
0 
0 
0 
0 
0 
0 
0 
0 
0 
0 
0 
0 
0 
0 
0 
0 
0 
0 
0 
1 
0 
0 
0 
2 
0 
1 
6 
38 
0 
0 
0 
0 
0 
0 
0 
0 
1 
1 
99 
1 
1 
0 
1 
1 
1 
0 
0 
0 
0 
0 
0 
10 
0 
0 
0 
1 
0 
0 
0 
0 
0 
0 
0 
0 
0 
6 
1 
5 
1 
1 
0 
1 
0 
0 
0 
0 
0 
3 
0 
0 
0 
0 
0 
0 
0 
0 
1 
1 
1 
0 
3 
0 
0 
0 
1 
17 
0 
0 
0 
0 
1 
1 
0 
0 
2 
1 
1 
0 
0 
1 
0 
1 
1 
1 
1 
0 
0 
0 
0 
17 
0 
1 
1 
1 
2 
1 
0 
0 
0 
0 
0 
0 
0 
0 
0 
0 
0 
0 
0 
0 
0 
0 
0 
0 
0 
0 
0 
0 
0 
0 
0 
0 
0 
0 
0 
0 
0 
0 
0 
0 
0 
0 
0 
0 
0 
-1 
0 
0 
0 
0 
0 
0 
0 
0 
0 
0 
0 
0 
0 
0 
0 
199 
1 
1 
1 
217 
231 
372214 